#MESH MODEL
meshes/pilarsNorth.obj 1.0,0.0,0.0,0.0,0.0,1.0,0.0,0.0,0.0,0.0,1.0,0.0,4.0,1.5,2.0,1.0
meshes/pilarsEast.obj 0.0,0.0,-1.0,0.0,0.0,1.0,0.0,0.0,1.0,0.0,0.0,0.0,-6.0,1.5,12.0,1.0
meshes/pilarsSouth.obj 1.0,0.0,0.0,0.0,0.0,1.0,0.0,0.0,0.0,0.0,1.0,0.0,-12.0,1.5,2.0,1.0
meshes/pilarsWest.obj 0.0,0.0,-1.0,0.0,0.0,1.0,0.0,0.0,1.0,0.0,0.0,0.0,-6.0,1.5,-4.0,1.0
meshes/Floor.obj 1.0,0.0,0.0,0.0,0.0,1.0,0.0,0.0,0.0,0.0,1.0,0.0,-4.0,0.0,4.0,1.0
meshes/bigaWest.obj 1.0,0.0,0.0,0.0,0.0,-1.0,-0.0,0.0,0.0,0.0,-1.0,0.0,-12.00065,5.4642,4.45598,1.0
meshes/bigaSouth.obj 0.0,-0.0,-1.0,0.0,-0.0,-1.0,-0.0,0.0,-1.0,0.0,-0.0,0.0,-11.82757,2.62406,4.01963,1.0
meshes/bigaEast.obj -1.0,-0.0,-0.0,0.0,0.0,-1.0,0.0,0.0,-0.0,-0.0,1.0,0.0,-4.02099,2.62406,11.83323,1.0
meshes/bigaNorth.obj 0.0,0.0,1.0,0.0,0.0,-1.0,-0.0,0.0,1.0,0.0,-0.0,0.0,3.85283,2.62406,4.01409,1.0
meshes/wallWest.obj 1.0,0.0,0.0,0.0,0.0,1.0,0.0,0.0,0.0,0.0,1.0,0.0,-4.0,3.0,-4.0,1.0
meshes/wallSouth.obj 0.0,0.0,1.0,0.0,0.0,1.0,0.0,0.0,-1.0,0.0,0.0,0.0,-12.0,3.0,4.0,1.0
meshes/wallNorth.obj 0.0,0.0,-1.0,0.0,0.0,1.0,0.0,0.0,1.0,0.0,0.0,0.0,4.0,3.0,4.0,1.0
meshes/wallEast.obj -1.0,0.0,0.0,0.0,0.0,1.0,0.0,0.0,-0.0,0.0,-1.0,0.0,-4.0,3.0,12.0,1.0
meshes/diagonalSO.obj 0.0,-1.0,0.0,0.0,0.70711,0.0,0.70711,0.0,-0.70711,-0.0,0.70711,0.0,-9.0,3.0,-1.0,1.0
meshes/diagonalNO.obj 0.0,-1.0,0.0,0.0,-0.70711,-0.0,0.70711,0.0,-0.70711,-0.0,-0.70711,0.0,1.0,3.0,-1.0,1.0
meshes/diagonalNE.obj 0.0,-1.0,0.0,0.0,-0.70711,-0.0,-0.70711,0.0,0.70711,0.0,-0.70711,0.0,1.0,3.0,9.0,1.0
meshes/diagonalSE.obj 0.0,-1.0,0.0,0.0,0.70711,0.0,-0.70711,0.0,0.70711,0.0,0.70711,0.0,-9.0,3.0,9.0,1.0
